STARLINK-31             
1 44235C 19029A   20071.51900013  .00002827  00000-0  16183-3 0   710
2 44235  53.0033 294.9271 0002582  90.7568 159.4567 15.12134252    14
STARLINK-22             
1 44236C 19029B   20071.51904094  .00005323  00000-0  78478-4 0   714
2 44236  53.0049 284.5500 0007211 319.6814 226.3936 15.54732759    19
STARLINK-23             
1 44237C 19029C   20071.51888623  .00003300  00000-0  18893-3 0   711
2 44237  52.9999 294.7171 0002456  84.6924 128.8565 15.12124222    14
STARLINK-25             
1 44239C 19029E   20071.51899228  .00001721  00000-0  98550-4 0   710
2 44239  53.0073 295.1780 0002517  86.8589 217.2527 15.12124138    18
STARLINK-26             
1 44240C 19029F   20071.51868103 -.00000455  00000-0 -99871-5 0   713
2 44240  53.0100 271.2454 0002628  83.4691 174.3381 15.43447266    19
STARLINK-27             
1 44241C 19029G   20071.51971169  .00002263  00000-0  12965-3 0   715
2 44241  53.0058 295.0522 0001936  81.0188 191.0816 15.12106977    14
STARLINK-28             
1 44242C 19029H   20071.51871188  .00005120  00000-0  76650-4 0   713
2 44242  52.9959 278.5438 0003146  77.6183 238.3287 15.54340768    17
STARLINK-29             
1 44243C 19029J   20071.52060471  .00163212  00000-0  24055-2 0   717
2 44243  52.9995 226.9559 0007380 272.7392 224.8740 15.54584647    13
STARLINK-30             
1 44244C 19029K   20071.51860417  .00003948  00000-0  22604-3 0   713
2 44244  53.0027 294.6008 0002570  76.3067  75.7150 15.12119539    12
STARLINK-21             
1 44245C 19029L   20071.51881580  .00002960  00000-0  16948-3 0   715
2 44245  52.9989 294.7959 0002195  75.1020 162.0704 15.12119202    15
STARLINK-33             
1 44247C 19029N   20071.51886551  .00005119  00000-0  77323-4 0   714
2 44247  53.0072 280.0920 0002279  80.3456 235.5918 15.54102215    17
STARLINK-34             
1 44248C 19029P   20071.51970213  .00002632  00000-0  67139-4 0   715
2 44248  53.0009 287.2539 0002183  78.3382  67.1613 15.38937627    18
STARLINK-61             
1 44249C 19029Q   20071.51897122  .00000573  00000-0  27887-4 0   711
2 44249  53.0029 285.6185 0009189  71.3655  84.9219 15.17851312    11
STARLINK-36             
1 44250C 19029R   20071.51905006  .00003909  00000-0  22382-3 0   714
2 44250  53.0015 294.6977 0002434  77.1544 107.3081 15.12121938    10
STARLINK-37             
1 44251C 19029S   20071.51939811  .00003921  00000-0  22447-3 0   712
2 44251  52.9837 293.8976 0002113  78.1225 114.2177 15.12122819    14
STARLINK-71             
1 44252C 19029T   20071.52004111 -.00015583  00000-0 -89203-3 0   712
2 44252  53.0009 293.8374 0002511  80.0803 223.8525 15.12147315    18
STARLINK-39             
1 44253C 19029U   20071.51907023  .00002421  00000-0  13866-3 0   713
2 44253  53.0056 295.0190 0002130  77.4469 179.1307 15.12108565    11
STARLINK-32             
1 44254C 19029V   20071.51875597  .00005051  00000-0  28914-3 0   716
2 44254  52.9999 294.7106 0002265  78.3228 128.5255 15.12125442    14
STARLINK-66             
1 44255C 19029W   20071.51932330  .00005247  00000-0  79440-4 0   714
2 44255  53.0049 279.8498 0002322  85.3006 221.9898 15.54039434    19
STARLINK-42             
1 44256C 19029X   20071.51929230  .00006325  00000-0  85926-4 0   714
2 44256  52.9946 281.1016 0001225  32.5212  34.1860 15.56977189    13
STARLINK-43             
1 44257C 19029Y   20071.51922767  .00000659  00000-0  22081-4 0   710
2 44257  53.0031 254.6819 0001751  99.3917  33.8909 15.30380168    11
STARLINK-40             
1 44258C 19029Z   20071.51905484  .00003615  00000-0  20694-3 0   710
2 44258  53.0008 294.7094 0002560  76.8163 125.6784 15.12132700    16
STARLINK-52             
1 44259C 19029AA  20071.52110514  .00148464  00000-0  22934-2 0   714
2 44259  53.0001 228.6133 0001304  68.5737 326.0592 15.53344120    10
STARLINK-45             
1 44260C 19029AB  20071.51905402  .00003513  00000-0  20111-3 0   714
2 44260  53.0104 293.5348 0002582  80.9070 151.5539 15.12129622    17
STARLINK-44             
1 44261C 19029AC  20071.51913179  .00003843  00000-0  21997-3 0   714
2 44261  53.0008 294.6882 0002378  74.5654 122.3688 15.12133950    16
STARLINK-49             
1 44262C 19029AD  20071.51987375 -.00014806  00000-0 -84797-3 0   714
2 44262  53.0056 295.0607 0002616  83.2180 195.8192 15.12128628    17
STARLINK-72             
1 44263C 19029AE  20071.51939522  .00003911  00000-0  22387-3 0   716
2 44263  53.0036 294.5399 0002498  81.7274  68.5622 15.12131601    12
STARLINK-35             
1 44264C 19029AF  20071.51840490  .00003925  00000-0  22464-3 0   713
2 44264  53.0024 294.6388 0002326  85.1206  77.8843 15.12133449    12
STARLINK-63             
1 44265C 19029AG  20071.51970130  .00003825  00000-0  21894-3 0   714
2 44265  53.0018 294.0089 0003090  85.6142  90.3555 15.12128080    16
STARLINK-54             
1 44266C 19029AH  20071.51872206  .00001845  00000-0  10563-3 0   711
2 44266  52.9956 294.0225 0002073  89.0486 225.6412 15.12125402    17
STARLINK-69             
1 44267C 19029AJ  20071.51977911  .00003010  00000-0  17231-3 0   716
2 44267  53.0006 293.8566 0002221  75.5166 172.9069 15.12128305    18
STARLINK-55             
1 44268C 19029AK  20071.51920509  .00005100  00000-0  76402-4 0   716
2 44268  52.9958 279.4399 0002123  77.1100 246.3185 15.54325744    11
STARLINK-57             
1 44269C 19029AL  20071.51970571  .00002165  00000-0  12400-3 0   716
2 44269  52.9995 294.3999 0002199  80.3591 203.6883 15.12118734    12
STARLINK-58             
1 44270C 19029AM  20071.51930929  .00006654  00000-0  17042-3 0   715
2 44270  53.0030 287.6631 0008199 281.7191 228.7063 15.38775004    18
STARLINK-59             
1 44271C 19029AN  20071.51897495  .00009131  00000-0  52287-3 0   719
2 44271  53.0009 293.9470 0002511  81.9139  54.1980 15.12111700    18
STARLINK-51             
1 44272C 19029AP  20071.51958112  .00003925  00000-0  22468-3 0   717
2 44272  53.0007 294.5683 0002617  82.6792  80.6935 15.12127808    10
STARLINK-62             
1 44274C 19029AR  20071.51974949  .00007231  00000-0  18532-3 0   716
2 44274  53.0055 287.2529 0001478  52.8257  93.9780 15.38788052    19
STARLINK-64             
1 44275C 19029AS  20071.51928844  .00003312  00000-0  89954-4 0   713
2 44275  52.9930 286.0988 0006675  22.8844 230.3730 15.36985936    19
STARLINK-65             
1 44276C 19029AT  20071.51905796  .00003832  00000-0  21943-3 0   715
2 44276  53.0043 294.5114 0002813  72.4687  40.0087 15.12120068    10
STARLINK-41             
1 44277C 19029AU  20071.51922666  .00004863  00000-0  71543-4 0   718
2 44277  53.0068 283.6111 0006617 314.2207 223.7722 15.54796899    18
STARLINK-67             
1 44278C 19029AV  20071.35766498  .00047473  00000-0  12442-3 0   716
2 44278  52.9898 150.8907 0013905 211.0121 135.7359 15.93905515    11
STARLINK-68             
1 44279C 19029AW  20071.52253026  .00003790  00000-0  21689-3 0   711
2 44279  53.0023 293.4778 0002828  86.6896 110.7319 15.12136089    13
STARLINK-38             
1 44280C 19029AX  20071.52287027  .00003652  00000-0  20911-3 0   715
2 44280  53.0040 294.4573 0002445  82.3027  57.0155 15.12121212    15
STARLINK-70             
1 44281C 19029AY  20071.52341531  .00003825  00000-0  21911-3 0   710
2 44281  53.0018 294.0230 0002255  72.6765 177.6603 15.12107203    18
STARLINK-56             
1 44283C 19029BA  20071.52321750  .00003789  00000-0  21680-3 0   715
2 44283  53.0039 294.5400 0002117  72.2745  80.8101 15.12143249    16
STARLINK-73             
1 44284C 19029BB  20071.52330506  .00003791  00000-0  21713-3 0   715
2 44284  53.0038 294.5140 0002356  83.4416  64.2643 15.12109624    17
STARLINK-50             
1 44285C 19029BC  20071.52316877  .00003752  00000-0  21471-3 0   719
2 44285  53.0019 294.5175 0002513  80.4789  84.4187 15.12138320    12
STARLINK-75             
1 44286C 19029BD  20071.52321919  .00005343  00000-0  71913-4 0   718
2 44286  53.0070 281.5361 0007502 293.3519 306.9717 15.57192102    10
STARLINK-76             
1 44287C 19029BE  20071.52341057  .00003126  00000-0  17906-3 0   712
2 44287  52.9996 294.7189 0002693  79.9443 164.3231 15.12104484    14
STARLINK-79             
1 44288C 19029BF  20071.52260232  .00005023  00000-0  28747-3 0   711
2 44288  53.0065 295.1205 0002516  83.2360 228.5403 15.12137352    12
STARLINK-48             
1 44289C 19029BG  20071.52295475 -.00001292  00000-0 -59842-4 0   716
2 44289  52.9999 272.8094 0001215 115.1919 173.0437 15.19587903    14
STARLINK-78             
1 44290C 19029BH  20071.52326197  .00001994  00000-0  11418-3 0   717
2 44290  53.0061 295.0114 0002767  89.3605 220.0345 15.12123952    19
STARLINK-77             
1 44291C 19029BJ  20071.52261526  .00001596  00000-0  91355-4 0   719
2 44291  53.0073 295.1900 0002590  89.4186 240.4377 15.12126659    14
STARLINK-81             
1 44292C 19029BK  20071.52334748  .00002439  00000-0  13967-3 0   716
2 44292  53.0073 295.2133 0002732  86.2226 259.6762 15.12111307    16
STARLINK-74             
1 44293C 19029BL  20071.52345601  .00002295  00000-0  13148-3 0   718
2 44293  53.0060 295.0654 0002208  83.4410 203.0703 15.12104348    16
STARLINK-53             
1 44294C 19029BM  20071.52305113 -.00009541  00000-0 -54632-3 0   719
2 44294  53.0009 293.8959 0002902  74.6299  53.6706 15.12129903    18
STARLINK-1007           
1 44713C 19074A   20071.52300370 -.01039270  00000-0 -45726-1 0   710
2 44713  53.0104 293.9718 0001575  52.8568 118.0311 15.22382864    12
STARLINK-1008           
1 44714C 19074B   20071.52385966 -.00988176  00000-0 -45695-1 0   717
2 44714  53.0110 294.4750 0001335  63.4123 228.9474 15.20628510    11
STARLINK-1009           
1 44715C 19074C   20071.52272764 -.00985133  00000-0 -48952-1 0   718
2 44715  53.0077 294.5614 0001329  63.5722 339.5032 15.18131873    10
STARLINK-1010           
1 44716C 19074D   20071.52288013 -.01005447  00000-0 -28389-1 0   717
2 44716  53.0096 292.7726 0001339  51.3685 314.9659 15.36815725    17
STARLINK-1011           
1 44717C 19074E   20071.52193457 -.00017104  00000-0 -11708-2 0   715
2 44717  53.0012 314.1763 0002274  75.5424 339.5870 15.05618784    14
STARLINK-1012           
1 44718C 19074F   20071.52643215 -.00985689  00000-0 -48216-1 0   713
2 44718  53.0097 294.4893 0001443  64.4944  57.8108 15.18679911    10
STARLINK-1013           
1 44719C 19074G   20071.52524345 -.00985471  00000-0 -48779-1 0   719
2 44719  53.0074 294.5039 0001388  61.5110  10.1200 15.18267105    13
STARLINK-1014           
1 44720C 19074H   20071.52648582 -.00388477  00000-0 -12560-1 0   713
2 44720  53.0051 297.2495 0006406 278.6907  33.9036 15.31893081    10
STARLINK-1015           
1 44721C 19074J   20071.52635298 -.00984737  00000-0 -49135-1 0   713
2 44721  53.0077 294.5720 0001293  71.6523 336.4231 15.17986974    10
STARLINK-1016           
1 44722C 19074K   20071.52535083 -.01062336  00000-0 -48857-1 0   718
2 44722  53.0093 294.4566 0001306  60.2693 266.0540 15.20890845    19
STARLINK-1017           
1 44723C 19074L   20071.52654326 -.00984839  00000-0 -46102-1 0   712
2 44723  53.0105 294.5541 0001030  32.2435 232.0948 15.20203165    13
STARLINK-1019           
1 44724C 19074M   20071.52649341 -.00985881  00000-0 -48035-1 0   719
2 44724  53.0104 294.4959 0001512  58.8039  78.5171 15.18817679    13
STARLINK-1020           
1 44725C 19074N   20071.52500028  .00003170  00000-0  21711-3 0   712
2 44725  52.9983 314.1628 0002450  68.5305 147.2787 15.05572793    14
STARLINK-1021           
1 44726C 19074P   20071.52652100 -.00986161  00000-0 -47860-1 0   715
2 44726  53.0111 294.5040 0001574  54.3179  97.7103 15.18954302    12
STARLINK-1022           
1 44727C 19074Q   20071.52513601  .00002006  00000-0  13734-3 0   718
2 44727  53.0350 333.9602 0002171  71.9451 306.8133 15.05585891    18
STARLINK-1023           
1 44728C 19074R   20071.52653980 -.01043765  00000-0 -41001-1 0   710
2 44728  53.0083 293.4180 0001444  59.3904  57.1147 15.26208344    17
STARLINK-1024           
1 44729C 19074S   20071.52288848  .00001843  00000-0  12628-3 0   711
2 44729  53.0016 314.1663 0002249  74.7518  39.4654 15.05572147    15
STARLINK-1025           
1 44730C 19074T   20071.52637252 -.00986255  00000-0 -45981-1 0   717
2 44730  53.0115 294.5550 0001334  51.6895 225.9969 15.20344555    17
STARLINK-1026           
1 44731C 19074U   20071.52730970 -.00985161  00000-0 -48578-1 0   719
2 44731  53.0084 294.4761 0001431  62.6386  35.0590 15.18400064    16
STARLINK-1027           
1 44732C 19074V   20071.52536554  .00001537  00000-0  12501-3 0   715
2 44732  53.0004 312.4256 0002039  73.7950  18.3882 14.99088238    15
STARLINK-1028           
1 44733C 19074W   20071.52621756 -.00985873  00000-0 -47656-1 0   718
2 44733  53.0112 294.5122 0001537  59.2639 105.6904 15.19092715    16
STARLINK-1029           
1 44734C 19074X   20071.52495880  .00005075  00000-0  60336-4 0   714
2 44734  53.0001 295.0738 0005637  17.4201 232.8854 15.60480278    17
STARLINK-1030           
1 44735C 19074Y   20071.52372448  .00003990  00000-0  27329-3 0   717
2 44735  52.9997 314.1721 0002270  76.4372 150.4067 15.05576098    15
STARLINK-1031           
1 44736C 19074Z   20071.52534050  .00023220  00000-0  16619-2 0   714
2 44736  53.0033 312.3682 0001604  68.4111 299.3111 15.03915648    16
STARLINK-1032           
1 44737C 19074AA  20071.52480874  .00001500  00000-0  10275-3 0   719
2 44737  53.0018 314.1550 0001939  75.0181  13.6313 15.05578052    13
STARLINK-1033           
1 44738C 19074BA  20071.52467994  .00002299  00000-0  15743-3 0   719
2 44738  52.9905 314.2130 0002542  75.3092  84.7516 15.05585302    17
STARLINK-1052           
1 44739C 19074AC  20071.52507789 -.00014937  00000-0 -10228-2 0   713
2 44739  52.9975 314.1686 0002512  73.6206 124.5502 15.05604088    16
STARLINK-1035           
1 44740C 19074AD  20071.52483897  .00001502  00000-0  12218-3 0   712
2 44740  53.0012 313.4202 0001933  81.2131  45.7250 14.99085228    11
STARLINK-1036           
1 44741C 19074AE  20071.52472902  .00001711  00000-0  11717-3 0   713
2 44741  53.0004 314.1628 0002391  77.9179 334.4261 15.05590753    18
STARLINK-1038           
1 44743C 19074AG  20071.52565157  .00000722  00000-0  49448-4 0   714
2 44743  53.0009 334.1582 0002032  76.4421  53.1289 15.05577242    15
STARLINK-1039           
1 44744C 19074AH  20071.52531141  .00012258  00000-0  83931-3 0   712
2 44744  52.9996 334.1595 0001851  70.7128  20.9943 15.05579764    12
STARLINK-1041           
1 44746C 19074AK  20071.52496260  .00000396  00000-0  27127-4 0   712
2 44746  53.0010 334.1597 0002475  67.8250  76.1097 15.05584581    17
STARLINK-1042           
1 44747C 19074AL  20071.52496101  .00002451  00000-0  16783-3 0   716
2 44747  53.0347 333.9736 0001825  57.6391 302.1191 15.05583121    10
STARLINK-1043           
1 44748C 19074AM  20071.52548243  .00001194  00000-0  81748-4 0   719
2 44748  53.0101 334.1016 0001943  55.3676 163.2956 15.05589016    19
STARLINK-1044           
1 44749C 19074AN  20071.52618770  .00001922  00000-0  13162-3 0   716
2 44749  52.9989 314.1564 0002547  78.6049 323.5220 15.05581769    13
STARLINK-1045           
1 44750C 19074AP  20071.52720892  .00001530  00000-0  10479-3 0   710
2 44750  52.9988 334.1532 0002016  62.2187  21.8191 15.05592418    12
STARLINK-1046           
1 44751C 19074AQ  20071.52548013  .00000913  00000-0  62546-4 0   711
2 44751  52.9989 334.1604 0001993  74.5468  36.1103 15.05569885    19
STARLINK-1047           
1 44752C 19074AR  20071.52499147  .00007374  00000-0  52738-3 0   714
2 44752  52.9998 313.9777 0002196  79.1822  35.3776 15.03959754    10
STARLINK-1048           
1 44753C 19074AS  20071.52647491 -.00986910  00000-0 -46757-1 0   718
2 44753  53.0127 294.5166 0001545  53.7621 167.1682 15.19790246    11
STARLINK-1049           
1 44754C 19074AT  20071.52743176 -.00985916  00000-0 -46902-1 0   713
2 44754  53.0126 294.5323 0001466  46.8595 164.8674 15.19646992    14
STARLINK-1050           
1 44755C 19074AU  20071.52494986  .00001764  00000-0  12076-3 0   711
2 44755  53.0427 333.9271 0002215  67.2939 346.4494 15.05592171    13
STARLINK-1051           
1 44756C 19074AV  20071.52699607 -.00986464  00000-0 -47108-1 0   712
2 44756  53.0122 294.5222 0001576  53.7019 141.2994 15.19515001    10
STARLINK-1034           
1 44757C 19074AW  20071.52499495 -.00013004  00000-0 -89070-3 0   713
2 44757  53.0004 314.1595 0002475  74.6717 231.1122 15.05590748    16
STARLINK-1053           
1 44758C 19074AX  20071.52461089  .00002325  00000-0  15925-3 0   712
2 44758  53.0218 334.0482 0002197  72.5448 213.3831 15.05582914    14
STARLINK-1054           
1 44759C 19074AY  20071.52756100 -.00020223  00000-0 -13847-2 0   713
2 44759  53.0281 333.9995 0002290  66.3267 271.5928 15.05612749    19
STARLINK-1055           
1 44760C 19074AZ  20071.52804880  .00002466  00000-0  16889-3 0   711
2 44760  53.0370 333.9371 0002697  72.0568 340.4161 15.05580051    12
STARLINK-1056           
1 44761C 19074BA  20071.52811458  .00002631  00000-0  18017-3 0   710
2 44761  53.0296 333.9804 0002124  71.4888 287.4566 15.05590044    16
STARLINK-1057           
1 44762C 19074BB  20071.52847985  .00003115  00000-0  21326-3 0   710
2 44762  53.0004 314.1434 0002406  66.2808 276.2982 15.05587863    14
STARLINK-1058           
1 44763C 19074BC  20071.52565454  .00001597  00000-0  10935-3 0   715
2 44763  53.0134 334.0817 0001725  69.1936 168.4011 15.05593812    18
STARLINK-1059           
1 44764C 19074BD  20071.52835801  .00009780  00000-0  66938-3 0   718
2 44764  53.0000 314.1437 0002379  69.8603 290.0266 15.05596398    18
STARLINK-1060           
1 44765C 19074BE  20071.52604585 -.00018455  00000-0 -12643-2 0   716
2 44765  52.9997 314.1541 0002176  67.3436 190.1557 15.05590952    13
STARLINK-1061           
1 44766C 19074BF  20071.52929744  .00002072  00000-0  14187-3 0   716
2 44766  53.0190 334.0409 0002176  68.2216 225.0919 15.05588133    19
STARLINK-1062           
1 44767C 19074BG  20071.52859818  .00002445  00000-0  16742-3 0   714
2 44767  53.0243 334.0099 0001870  63.2070 262.3560 15.05585184    16
STARLINK-1063           
1 44768C 19074BH  20071.52669067  .00000913  00000-0  62533-4 0   718
2 44768  53.0034 334.1340 0002201  62.1239 127.1090 15.05578302    19
STARLINK-1064           
1 44769C 19074BJ  20071.52860883 -.00021935  00000-0 -15023-2 0   717
2 44769  53.0013 334.1352 0002067  63.0207 118.6164 15.05604759    18
STARLINK-1067           
1 44771C 19074BL  20071.52929754  .00001860  00000-0  12742-3 0   712
2 44771  53.0168 334.0589 0002215  60.7389 214.6228 15.05581394    10
STARLINK-1068           
1 44772C 19074BM  20071.52899513 -.00017199  00000-0 -11777-2 0   712
2 44772  53.0001 314.1401 0002570  70.1942 239.2258 15.05605458    17
STARLINK-1073           
1 44914C 20001A   20071.52800634  .00007615  00000-0  52157-3 0   716
2 44914  52.9955  94.1452 0001852  61.5194 302.0183 15.05572567    17
STARLINK-1084           
1 44915C 20001B   20071.52793986  .00006740  00000-0  48238-3 0   711
2 44915  52.9989  94.0256 0001540  72.3662 186.1756 15.03936465    16
STARLINK-1097           
1 44916C 20001C   20071.52825418  .00005836  00000-0  39978-3 0   714
2 44916  52.9984  94.1370 0001689  57.0757  91.7659 15.05571624    16
STARLINK-1098           
1 44917C 20001D   20071.52982255  .00035077  00000-0  24020-2 0   719
2 44917  52.9993  94.1297 0001498  59.2519 134.0783 15.05554443    12
STARLINK-1099           
1 44918C 20001E   20071.52849836  .00006105  00000-0  41825-3 0   710
2 44918  52.9969  94.1329 0001502  59.7385  72.4993 15.05567333    14
STARLINK-1101           
1 44919C 20001F   20071.52825557  .00007095  00000-0  48562-3 0   719
2 44919  52.9958  94.1437 0001669  50.0066   8.8589 15.05597989    11
STARLINK-1102           
1 44920C 20001G   20071.52871571  .00007346  00000-0  50294-3 0   712
2 44920  52.9958  94.1408 0001722  55.1944 348.1592 15.05588518    14
STARLINK-1103           
1 44921C 20001H   20071.52912220  .00006860  00000-0  46991-3 0   719
2 44921  52.9958  94.1393 0001626  53.8635  27.6841 15.05570977    19
STARLINK-1104           
1 44922C 20001J   20071.52867804  .00035221  00000-0  24119-2 0   717
2 44922  52.9973  94.1325 0001738  54.1093  61.0246 15.05552594    14
STARLINK-1106           
1 44923C 20001K   20071.52926982  .00007490  00000-0  51302-3 0   713
2 44923  52.9964  94.1396 0001564  61.0609 273.3488 15.05574151    19
STARLINK-1111           
1 44924C 20001L   20071.53016678  .00007508  00000-0  51432-3 0   711
2 44924  52.9959  94.1370 0001758  55.3242 337.9643 15.05567658    14
STARLINK-1112           
1 44925C 20001M   20071.53038933  .00007510  00000-0  51440-3 0   712
2 44925  52.9960  94.1341 0001522  74.3236 248.1779 15.05572637    14
STARLINK-1113           
1 44926C 20001N   20071.52975119 -.00015929  00000-0 -11388-2 0   719
2 44926  53.0045  93.9793 0001513  61.4310 278.8363 15.03994801    17
STARLINK-1114           
1 44927C 20001P   20071.52873779  .00007189  00000-0  51437-3 0   716
2 44927  52.9979  94.0202 0001662  59.1522 239.6455 15.03943620    13
STARLINK-1119           
1 44928C 20001Q   20071.53010552  .00007368  00000-0  52723-3 0   718
2 44928  53.0011  94.0081 0001514  63.4108 260.8867 15.03938209    12
STARLINK-1121           
1 44929C 20001R   20071.52905007  .00007569  00000-0  51861-3 0   711
2 44929  52.9974  94.1427 0001793  52.4545 298.8214 15.05560523    15
STARLINK-1123           
1 44930C 20001S   20071.52895154  .00006131  00000-0  41992-3 0   712
2 44930  52.9975  94.1306 0001619  60.9548 109.7781 15.05575870    18
STARLINK-1128           
1 44931C 20001T   20071.52871051  .00007500  00000-0  53679-3 0   719
2 44931  53.0120  93.9507 0001794  49.9094 302.8331 15.03930452    16
STARLINK-1130 (DARKSAT) 
1 44932C 20001U   20071.52923583  .00007003  00000-0  50116-3 0   719
2 44932  53.0001  94.0175 0001617  69.7727 213.7965 15.03934490    14
STARLINK-1144           
1 44933C 20001V   20071.52930396  .00006675  00000-0  45716-3 0   714
2 44933  52.9980  94.1406 0001633  58.9313  41.6209 15.05575935    12
STARLINK-1071           
1 44934C 20001W   20071.53162428 -.01017553  00000-0 -19791-1 0   711
2 44934  52.9934  77.4142 0001306  70.9052 118.9293 15.48016624    17
STARLINK-1072           
1 44935C 20001X   20071.53354392 -.01019017  00000-0 -18954-1 0   712
2 44935  52.9926  77.4029 0001250  63.5547 200.7861 15.49301433    15
STARLINK-1078           
1 44936C 20001Y   20071.53087110 -.01017993  00000-0 -19604-1 0   718
2 44936  52.9921  77.3965 0001305  69.0937 130.9896 15.48303771    12
STARLINK-1079           
1 44937C 20001Z   20071.53404979 -.01018213  00000-0 -19128-1 0   712
2 44937  52.9924  77.3834 0003085 290.6924 322.5229 15.49011843    12
STARLINK-1082           
1 44938C 20001AA  20071.53226859 -.01016833  00000-0 -20273-1 0   711
2 44938  52.9933  77.4342 0001350  64.3145  92.4796 15.47298230    19
STARLINK-1083           
1 44939C 20001AB  20071.53403549 -.01016465  00000-0 -20469-1 0   713
2 44939  52.9933  77.4650 0001374  61.2090  90.4935 15.47008820    10
STARLINK-1091           
1 44940C 20001AC  20071.53073406 -.01015462  00000-0 -20848-1 0   717
2 44940  52.9933  77.4885 0001362  60.6632  60.2876 15.46443382    18
STARLINK-1094           
1 44941C 20001AD  20071.53185175 -.01018242  00000-0 -19416-1 0   713
2 44941  52.9922  77.4031 0001377  57.0520 162.7777 15.48588155    10
STARLINK-1096           
1 44942C 20001AE  20071.53383185 -.01019061  00000-0 -19051-1 0   710
2 44942  52.9923  77.4399 0001300  58.7730 200.2377 15.49157630    11
STARLINK-1100           
1 44943C 20001AF  20071.53439840 -.01016612  00000-0 -20371-1 0   717
2 44943  52.9933  77.4452 0001361  63.1461  98.0308 15.47151736    17
STARLINK-1108           
1 44944C 20001AG  20071.53441006 -.01017744  00000-0 -19702-1 0   718
2 44944  52.9920  77.3451 0001374  58.5705 154.0705 15.48152947    15
STARLINK-1109           
1 44945C 20001AH  20071.53185826 -.01016005  00000-0 -20759-1 0   717
2 44945  52.9935  77.4873 0001354  62.0982  72.7222 15.46585304    11
STARLINK-1110           
1 44946C 20001AJ  20071.53343531 -.01017346  00000-0 -19887-1 0   716
2 44946  52.9914  77.3674 0001399  57.9649 134.6970 15.47870497    18
STARLINK-1116           
1 44947C 20001AK  20071.53384001 -.01018562  00000-0 -19233-1 0   710
2 44947  52.9938  77.4291 0001257  67.9720 177.1134 15.48870612    19
STARLINK-1118           
1 44948C 20001AL  20071.52971001  .00047200  00000-0  15028-3 0   710
2 44948  52.9931  72.8426 0003356  70.0974 193.4762 15.90348257    10
STARLINK-1122           
1 44949C 20001AM  20071.53377990 -.01017083  00000-0 -20081-1 0   711
2 44949  52.9935  77.4283 0001334  66.8447 113.1403 15.47582146    19
STARLINK-1125           
1 44950C 20001AN  20071.53399822 -.01016308  00000-0 -20566-1 0   718
2 44950  52.9929  77.4801 0001339  64.9812  78.9539 15.46866364    14
STARLINK-1126           
1 44951C 20001AP  20071.53389569 -.01017036  00000-0 -20181-1 0   718
2 44951  52.9929  77.4298 0001321  69.0950 104.1951 15.47437250    14
STARLINK-1117           
1 44952C 20001AQ  20071.53374382 -.01018110  00000-0 -19513-1 0   717
2 44952  52.9930  77.3790 0001322  63.0591 160.2437 15.48440342    18
STARLINK-1124           
1 44953C 20001AR  20071.53431543 -.01007164  00000-0 -26941-1 0   711
2 44953  52.9946  76.0623 0001382  56.0680  30.1695 15.38493635    17
STARLINK-1066           
1 44954C 20001AS  20071.53121396 -.00009651  00000-0 -68522-4 0   710
2 44954  52.9932  76.2579 0002827 356.7369  55.0681 15.73233688    14
STARLINK-1069           
1 44955C 20001AT  20071.53156961 -.00009053  00000-0 -64287-4 0   717
2 44955  52.9931  76.2598 0002740  10.5549  40.7108 15.73229066    14
STARLINK-1070           
1 44956C 20001AU  20071.53189142  .00014532  00000-0  10312-3 0   710
2 44956  52.9934  76.2593 0006181 338.6443  75.3285 15.73198641    17
STARLINK-1074           
1 44957C 20001AV  20071.53138730  .00017552  00000-0  12465-3 0   714
2 44957  52.9932  76.2738 0002847  16.2658  28.0310 15.73200450    15
STARLINK-1075           
1 44958C 20001AW  20071.53172659  .00018150  00000-0  12889-3 0   718
2 44958  52.9932  76.2693 0003099   9.2921  38.5870 15.73198297    13
STARLINK-1076           
1 44959C 20001AX  20071.53203211 -.00007451  00000-0 -52913-4 0   715
2 44959  52.9931  76.2769 0002868 355.6493  48.8768 15.73226184    19
STARLINK-1077           
1 44960C 20001AY  20071.53215384  .00017927  00000-0  12729-3 0   718
2 44960  52.9930  76.2631 0002715   8.6228  42.5467 15.73205092    12
STARLINK-1080           
1 44961C 20001AZ  20071.53352703  .00018212  00000-0  12934-3 0   712
2 44961  52.9931  76.2732 0002770  17.9016  33.3837 15.73199884    15
STARLINK-1081           
1 44962C 20001BA  20071.53207174  .00014523  00000-0  10317-3 0   718
2 44962  52.9931  76.2535 0002826   5.5021  50.3475 15.73195037    11
STARLINK-1085           
1 44963C 20001BB  20071.53131629  .00001237  00000-0  87842-5 0   717
2 44963  52.9933  76.2643 0003466 355.3601  53.6107 15.73211727    18
STARLINK-1086           
1 44964C 20001BC  20071.53378453 -.00008459  00000-0 -60074-4 0   718
2 44964  52.9931  76.2514 0002769   7.8288  54.3297 15.73227309    10
STARLINK-1087           
1 44965C 20001BD  20071.53405330  .00014690  00000-0  10431-3 0   717
2 44965  52.9931  76.2621 0003290  11.1580  47.4027 15.73203434    10
STARLINK-1088           
1 44966C 20001BE  20071.53294300  .00014513  00000-0  10296-3 0   714
2 44966  52.9931  76.2689 0006623  45.6005   5.8014 15.73201362    14
STARLINK-1089           
1 44967C 20001BF  20071.53120723  .00017726  00000-0  12585-3 0   714
2 44967  52.9929  76.2862 0003037  13.8178  22.6162 15.73205944    10
STARLINK-1090           
1 44968C 20001BG  20071.53359188  .00017773  00000-0  12623-3 0   719
2 44968  52.9931  76.2747 0002730  20.6501  30.1515 15.73197788    13
STARLINK-1092           
1 44969C 20001BH  20071.53375543 -.00009332  00000-0 -66271-4 0   716
2 44969  52.9931  76.2694 0002694   8.8951  44.5339 15.73229427    10
STARLINK-1093           
1 44970C 20001BJ  20071.53195804  .00014478  00000-0  10284-3 0   715
2 44970  52.9930  76.2669 0002912   4.5500  43.8291 15.73197461    10
STARLINK-1095           
1 44971C 20001BK  20071.53289122  .00001312  00000-0  93132-5 0   711
2 44971  52.9931  76.2591 0002679   3.0004  53.1900 15.73219968    17
STARLINK-1107           
1 44972C 20001BL  20071.53624801  .00017939  00000-0  12721-3 0   714
2 44972  52.9930  76.2642 0006721  44.2143  19.9340 15.73206283    11
STARLINK-1115           
1 44973C 20001BM  20071.53541175 -.00009993  00000-0 -70967-4 0   717
2 44973  52.9930  76.2574 0002921   2.9812  61.5501 15.73228291    13
STARLINK-1132           
1 45044C 20006A   20071.53519879  .00014679  00000-0  10426-3 0   716
2 45044  53.0012  25.3636 0001310  52.2026 152.6128 15.73204434    16
STARLINK-1120           
1 45045C 20006B   20071.53742602 -.00980421  00000-0 -55076-1 0   716
2 45045  52.9955  33.8006 0001304  66.7969 311.0028 15.13792254    11
STARLINK-1129           
1 45046C 20006C   20071.53456065 -.00906047  00000-0 -54153-1 0   719
2 45046  53.0043  34.2648 0001475  63.3489  47.0559 15.11487030    14
STARLINK-1131           
1 45047C 20006D   20071.53743464 -.00980326  00000-0 -55225-1 0   715
2 45047  52.9962  33.7991 0001249  75.5050 286.2116 15.13691534    10
STARLINK-1134           
1 45048C 20006E   20071.53621418 -.00905814  00000-0 -54082-1 0   719
2 45048  53.0024  34.2120 0001514  56.3536  34.8900 15.11524729    10
STARLINK-1135           
1 45049C 20006F   20071.53752343 -.00977803  00000-0 -58563-1 0   717
2 45049  53.0025  34.1929 0001587  50.7357  32.7179 15.11484025    16
STARLINK-1140           
1 45050C 20006G   20071.53849363 -.00977499  00000-0 -58898-1 0   710
2 45050  53.0004  34.1859 0001486  54.4091   0.5915 15.11265597    13
STARLINK-1141           
1 45051C 20006H   20071.53576032 -.00977642  00000-0 -58725-1 0   710
2 45051  53.0007  34.2004 0001450  57.5138 359.4473 15.11377812    16
STARLINK-1148           
1 45052C 20006J   20071.53772039 -.00977438  00000-0 -59246-1 0   718
2 45052  52.9988  34.2312 0001387  58.4984 318.4344 15.11049388    19
STARLINK-1155           
1 45053C 20006K   20071.53803766 -.00980750  00000-0 -54305-1 0   713
2 45053  52.9992  33.8044 0001490  59.4621  42.2094 15.14307603    10
STARLINK-1156           
1 45054C 20006L   20071.53794051 -.00977507  00000-0 -59078-1 0   718
2 45054  52.9988  34.1914 0001463  53.7990 341.1821 15.11155138    12
STARLINK-1157           
1 45055C 20006M   20071.53791372 -.00981076  00000-0 -53857-1 0   717
2 45055  53.0015  33.7966 0001579  56.0034  93.1772 15.14614638    18
STARLINK-1158           
1 45056C 20006N   20071.53880383 -.00977475  00000-0 -59444-1 0   715
2 45056  52.9969  34.2695 0001300  67.8506 297.6634 15.10929940    15
STARLINK-1159           
1 45057C 20006P   20071.53789059 -.00980975  00000-0 -54006-1 0   712
2 45057  53.0020  33.8104 0001465  66.0854  66.9172 15.14512862    14
STARLINK-1162           
1 45058C 20006Q   20071.53928848 -.00981283  00000-0 -53711-1 0   719
2 45058  53.0027  33.7580 0001551  58.5318 113.9904 15.14719156    17
STARLINK-1165           
1 45059C 20006R   20071.53786895 -.00980569  00000-0 -54601-1 0   719
2 45059  52.9979  33.7968 0001382  65.2599   3.3257 15.14107000    12
STARLINK-1166           
1 45060C 20006S   20071.53915269 -.00980626  00000-0 -54452-1 0   718
2 45060  52.9991  33.7968 0001504  56.8847  34.7683 15.14206266    11
STARLINK-1169           
1 45061C 20006T   20071.53797230 -.00980525  00000-0 -54757-1 0   711
2 45061  52.9986  33.7974 0001309  72.8445 340.1935 15.14003739    12
STARLINK-1171           
1 45062C 20006U   20071.54146887 -.00980908  00000-0 -54165-1 0   717
2 45062  53.0021  33.7949 0001452  68.1729  68.1854 15.14405908    10
STARLINK-1178           
1 45063C 20006V   20071.53932288 -.00980424  00000-0 -54913-1 0   719
2 45063  52.9977  33.7873 0001292  73.9137 330.3893 15.13898215    17
STARLINK-1133           
1 45064C 20006W   20071.53381326  .00014294  00000-0  10153-3 0   712
2 45064  52.9997  26.8743 0001847  22.1354 162.9089 15.73202439    11
STARLINK-1139           
1 45065C 20006X   20071.53363367 -.00017338  00000-0 -12313-3 0   712
2 45065  52.9995  26.8730 0001766   2.8701 181.9936 15.73239642    15
STARLINK-1145           
1 45066C 20006Y   20071.53398463  .00014478  00000-0  10285-3 0   714
2 45066  52.9997  26.8838 0001798   8.7555 172.1659 15.73200055    14
STARLINK-1150           
1 45067C 20006Z   20071.53672282  .00014308  00000-0  10164-3 0   717
2 45067  53.0004  25.3539 0001480  41.3292 171.2836 15.73201181    15
STARLINK-1161           
1 45068C 20006AA  20071.53611397  .00034503  00000-0  24488-3 0   711
2 45068  52.9997  26.8719 0001720  26.9768 166.8265 15.73202148    15
STARLINK-1163           
1 45069C 20006AB  20071.53636251 -.00013577  00000-0 -96360-4 0   717
2 45069  53.0005  25.3580 0004156 332.6926 236.9982 15.73239796    11
STARLINK-1164           
1 45070C 20006AC  20071.53746185 -.00014783  00000-0 -10501-3 0   719
2 45070  52.9993  26.8723 0001679  17.8774 179.2853 15.73230619    13
STARLINK-1167           
1 45071C 20006AD  20071.53587485 -.00017689  00000-0 -12537-3 0   715
2 45071  53.0007  25.3647 0008337 315.8838 249.3566 15.73236575    18
STARLINK-1168           
1 45072C 20006AE  20071.53735729 -.00013151  00000-0 -93436-4 0   710
2 45072  52.9997  26.8763 0001568  17.0677 178.6946 15.73224761    11
STARLINK-1170           
1 45073C 20006AF  20071.54041230  .00013892  00000-0  98677-4 0   711
2 45073  52.9994  24.5861 0001345  49.5528 189.0385 15.73204394    14
STARLINK-1172           
1 45074C 20006AG  20071.53936597 -.00016064  00000-0 -11409-3 0   713
2 45074  52.9999  26.8599 0002227   9.2513 201.2648 15.73235315    16
STARLINK-1174           
1 45075C 20006AH  20071.53953711  .00013883  00000-0  98616-4 0   711
2 45075  52.9995  26.8415 0001614   6.8842 212.2999 15.73202791    10
STARLINK-1180           
1 45076C 20006AJ  20071.53960582 -.00013291  00000-0 -94311-4 0   719
2 45076  52.9999  26.8394 0004539 359.6352 221.6195 15.73240881    19
STARLINK-1182           
1 45077C 20006AK  20071.54056932  .00014136  00000-0  10043-3 0   712
2 45077  53.0000  26.8579 0001654 352.2587 223.4378 15.73198119    13
STARLINK-1177           
1 45078C 20006AL  20071.54000557  .00013636  00000-0  96864-4 0   715
2 45078  53.0006  25.3420 0001514  16.7411 212.7966 15.73203515    13
STARLINK-1149           
1 45079C 20006AM  20071.53775250 -.01049246  00000-0 -67072-2 0   710
2 45079  52.9984  24.7465 0001192  70.3011  95.9599 15.76705870    10
STARLINK-1153           
1 45080C 20006AN  20071.53693471  .00013748  00000-0  97633-4 0   719
2 45080  52.9997  26.8502 0002299   2.0195 204.9372 15.73206956    14
STARLINK-1151           
1 45081C 20006AP  20071.53572053 -.00013963  00000-0 -99194-4 0   717
2 45081  53.0002  26.8689 0001969 353.9373 201.0540 15.73228111    11
STARLINK-1160           
1 45082C 20006AQ  20071.53797438  .00010871  00000-0  77199-4 0   718
2 45082  52.9997  26.8607 0001953  20.5749 184.6172 15.73211839    16
STARLINK-1190           
1 45083C 20006AR  20071.54411624 -.00980091  00000-0 -55384-1 0   711
2 45083  52.9954  33.7600 0001382  58.3316 323.6761 15.13580019    17
STARLINK-1173           
1 45084C 20006AS  20071.54006206 -.00012918  00000-0 -91699-4 0   714
2 45084  53.0005  25.3446 0005388 324.4779 263.6437 15.73225902    18
STARLINK-1179           
1 45085C 20006AT  20071.54075428 -.00014678  00000-0 -10427-3 0   711
2 45085  52.9995  24.5814 0001445  43.6664 195.1786 15.73229315    16
STARLINK-1181           
1 45086C 20006AU  20071.54092707  .00015466  00000-0  10984-3 0   713
2 45086  53.0005  26.8677 0001589  19.4210 193.1528 15.73205134    15
STARLINK-1185           
1 45087C 20006AV  20071.54098810  .00014163  00000-0  10090-3 0   716
2 45087  52.9999  26.8662 0001319 318.7975 254.0796 15.73134883    10
STARLINK-1183           
1 45088C 20006AW  20071.54080716 -.00014715  00000-0 -10450-3 0   718
2 45088  53.0002  26.8663 0001754  34.5349 178.1847 15.73236056    18
STARLINK-1136           
1 45089C 20006AX  20071.53624472  .00014119  00000-0  10018-3 0   717
2 45089  53.0005  25.3659 0005455 321.5082 244.1203 15.73207779    16
STARLINK-1176           
1 45090C 20006AY  20071.54023802  .00013797  00000-0  97993-4 0   719
2 45090  52.9993  24.5853 0001585  48.5117 186.5351 15.73205389    12
STARLINK-1127           
1 45091C 20006AZ  20071.53555382 -.00015522  00000-0 -11027-3 0   715
2 45091  53.0000  26.9187 0001781  25.1702 145.0445 15.73228861    13
STARLINK-1137           
1 45092C 20006BA  20071.53589382 -.00013306  00000-0 -94502-4 0   711
2 45092  52.9998  26.9127 0001828  15.9741 157.8418 15.73234247    10
STARLINK-1142           
1 45093C 20006BB  20071.53325277  .00013946  00000-0  99037-4 0   719
2 45093  52.9999  26.9278 0001858  10.6034 147.3976 15.73208268    16
STARLINK-1146           
1 45094C 20006BC  20071.53676302  .00014031  00000-0  99612-4 0   713
2 45094  53.0001  26.9037 0004254 352.3395 189.0077 15.73203872    16
STARLINK-1147           
1 45095C 20006BD  20071.53590109 -.00014635  00000-0 -10391-3 0   712
2 45095  53.0000  26.9065 0002006   8.6677 168.5667 15.73240799    10
STARLINK-1152           
1 45096C 20006BE  20071.53566277  .00007483  00000-0  53145-4 0   718
2 45096  53.0002  26.9122 0002828   2.8179 171.4182 15.73209298    16
STARLINK-1175           
1 45097C 20006BF  20071.54080352  .00009729  00000-0  69086-4 0   711
2 45097  52.9999  26.8791 0002452   9.5575 196.3414 15.73213148    11
STARLINK-1184           
1 45098C 20006BG  20071.54127339  .00014731  00000-0  10465-3 0   714
2 45098  52.9997  26.8904 0001674  10.0662 191.7169 15.73200877    16
STARLINK-1186           
1 45099C 20006BH  20071.54061227 -.00015238  00000-0 -10825-3 0   713
2 45099  52.9996  26.8755 0001652  33.1022 173.4339 15.73230210    12
STARLINK-1193           
1 45100C 20006BJ  20071.54109962 -.00017690  00000-0 -12565-3 0   712
2 45100  53.0002  26.8954 0001728   8.0722 191.8475 15.73235157    18
STARLINK-1194           
1 45101C 20006BK  20071.54129936  .00014141  00000-0  10045-3 0   713
2 45101  52.9998  26.8942 0001984  10.1434 190.0992 15.73201689    14
STARLINK-1195           
1 45102C 20006BL  20071.54388654 -.00013695  00000-0 -97285-4 0   715
2 45102  53.0001  26.8717 0002686 349.9748 230.0042 15.73226380    19
STARLINK-1196           
1 45103C 20006BM  20071.54387912  .00013484  00000-0  95727-4 0   715
2 45103  52.9998  26.8565 0003433 353.7624 232.9701 15.73210587    16
STARLINK-1138           
1 45178C 20012A   20071.54462095 -.01015428  00000-0 -21128-1 0   714
2 45178  53.0036 157.1997 0001126  71.4016 270.5807 15.46053088    12
STARLINK-1143           
1 45179C 20012B   20071.54563708 -.01015109  00000-0 -21209-1 0   714
2 45179  53.0039 157.2259 0001140  66.6327 271.5070 15.45930861    10
STARLINK-1192           
1 45180C 20012C   20071.54563919 -.01015576  00000-0 -20962-1 0   713
2 45180  53.0037 157.1645 0001119  72.7972 293.8713 15.46288396    19
STARLINK-1200           
1 45181C 20012D   20071.54626631 -.01015965  00000-0 -20889-1 0   715
2 45181  53.0034 157.1389 0001080  72.8303 306.9456 15.46401588    18
STARLINK-1201           
1 45182C 20012E   20071.54545566 -.00683503  00000-0 -50750-2 0   712
2 45182  53.0025 154.4368 0014406 132.2421 164.5350 15.72711764    14
STARLINK-1202           
1 45183C 20012F   20071.54538633 -.01017549  00000-0 -20094-1 0   719
2 45183  53.0020 157.1356 0001254  69.9674  38.7869 15.47577839    12
STARLINK-1205           
1 45184C 20012G   20071.54552370 -.00002887  00000-0 -20472-4 0   715
2 45184  53.0008 154.4341 0007538 140.8767 155.2223 15.73220563    13
STARLINK-1216           
1 45185C 20012H   20071.54625506 -.01017145  00000-0 -19925-1 0   710
2 45185  53.0023 157.0861 0001310  67.4214  64.7003 15.47809765    18
STARLINK-1224           
1 45186C 20012J   20071.54574764 -.01016754  00000-0 -20323-1 0   719
2 45186  53.0027 157.1354 0001217  70.7528  12.0367 15.47225391    18
STARLINK-1225           
1 45187C 20012K   20071.54616954 -.01016694  00000-0 -20406-1 0   713
2 45187  53.0029 157.1300 0001205  70.9460   4.9181 15.47105154    14
STARLINK-1228           
1 45188C 20012L   20071.54591405 -.00539959  00000-0 -13136-2 0   713
2 45188  53.0013 152.9130 0063356 122.7577 186.4808 15.92390732    12
STARLINK-1230           
1 45189C 20012M   20071.54595770 -.01016493  00000-0 -20483-1 0   719
2 45189  53.0022 157.1092 0001189  70.7358 354.5014 15.46989966    11
STARLINK-1234           
1 45190C 20012N   20071.55000977 -.01133459  00000-0 -59470-2 0   713
2 45190  53.0020 153.6289 0034610 113.7713 289.0517 15.80240051    11
STARLINK-1236           
1 45191C 20012P   20071.54948968 -.01016229  00000-0 -20648-1 0   713
2 45191  53.0031 157.0701 0001184  72.3921 353.6891 15.46748197    11
STARLINK-1237           
1 45192C 20012Q   20071.54677767 -.01017062  00000-0 -20004-1 0   712
2 45192  53.0025 157.1076 0001277  71.9395  53.6502 15.47693760    16
STARLINK-1239           
1 45193C 20012R   20071.54942098 -.01017924  00000-0 -19784-1 0   715
2 45193  53.0017 157.0395 0001296  71.7165  96.5338 15.48037471    10
STARLINK-1240           
1 45194C 20012S   20071.54950339 -.01017483  00000-0 -19856-1 0   713
2 45194  53.0016 157.0625 0001289  74.8513  84.5909 15.47920799    13
STARLINK-1241           
1 45195C 20012T   20071.54964744 -.01018028  00000-0 -19707-1 0   710
2 45195  53.0021 157.0213 0001309  69.7875 108.9065 15.48153622    18
STARLINK-1244           
1 45196C 20012U   20071.54947639 -.01015896  00000-0 -21061-1 0   711
2 45196  53.0037 157.1719 0000976  72.2450 306.3849 15.46159763    19
STARLINK-1269           
1 45197C 20012V   20071.54987050 -.01016002  00000-0 -20811-1 0   715
2 45197  53.0027 157.0967 0001194  66.0491 343.2675 15.46511696    16
STARLINK-1154           
1 45198C 20012W   20071.54579256 -.00337895  00000-0 -23639-2 0   718
2 45198  53.0031 154.3815 0017476 128.4493 197.5922 15.73684885    15
STARLINK-1197           
1 45199C 20012X   20071.54536829 -.00234059  00000-0 -16419-2 0   714
2 45199  53.0032 154.3909 0017032 128.7540 191.6751 15.73529531    16
STARLINK-1198           
1 45200C 20012Y   20071.54546117 -.00224876  00000-0 -15764-2 0   716
2 45200  53.0034 154.3932 0017827 128.0055 189.5595 15.73516473    16
STARLINK-1199           
1 45201C 20012Z   20071.54422633 -.00002508  00000-0 -17655-4 0   712
2 45201  53.0015 154.3823 0016599 129.3754 178.1743 15.73225644    16
STARLINK-1203           
1 45202C 20012AA  20071.54616895 -.01022140  00000-0 -17202-1 0   718
2 45202  53.0020 156.3919 0001196 102.3190 356.0162 15.52139390    14
STARLINK-1204           
1 45203C 20012AB  20071.54543061 -.00683702  00000-0 -49600-2 0   717
2 45203  53.0033 154.4445 0015362 130.2461 163.6021 15.73235791    14
STARLINK-1206           
1 45204C 20012AC  20071.54549675 -.00596905  00000-0 -41213-2 0   715
2 45204  53.0033 154.3287 0017809 128.1627 222.4396 15.74239818    10
STARLINK-1208           
1 45205C 20012AD  20071.54617031 -.00361653  00000-0 -25317-2 0   715
2 45205  53.0032 154.3657 0016347 129.1432 205.8008 15.73722223    13
STARLINK-1209           
1 45206C 20012AE  20063.94411625 -.00648615  00000-0 -26026-2 0   637
2 45206  53.0021 192.5668 0057252  81.1037 237.4051 15.83697229    13
STARLINK-1210           
1 45207C 20012AF  20071.54567819 -.00002943  00000-0 -20771-4 0   710
2 45207  53.0032 154.4073 0014254 130.6084 181.6949 15.73220706    17
STARLINK-1211           
1 45208C 20012AG  20071.54553887 -.00002558  00000-0 -18056-4 0   716
2 45208  53.0030 154.4208 0014257 130.9201 173.7811 15.73220369    18
STARLINK-1218           
1 45209C 20012AH  20071.54576267 -.00562830  00000-0 -38995-2 0   710
2 45209  53.0031 154.3419 0018135 128.0841 217.5059 15.74116922    11
STARLINK-1219           
1 45210C 20012AJ  20071.54406066 -.00001365  00000-0 -96080-5 0   714
2 45210  53.0012 154.3954 0017075 129.1568 170.6433 15.73220961    19
STARLINK-1231           
1 45212C 20012AL  20071.54938397 -.00503103  00000-0 -34993-2 0   712
2 45212  53.0033 154.3358 0017683 128.2444 231.3181 15.73979043    17
STARLINK-1232           
1 45213C 20012AM  20071.54928590 -.00405206  00000-0 -28277-2 0   710
2 45213  53.0033 154.3421 0018136 128.3254 227.5820 15.73792605    17
STARLINK-1233           
1 45214C 20012AN  20071.54943196 -.01131001  00000-0 -73937-2 0   713
2 45214  53.0033 154.3319 0027267 124.8179 236.8808 15.75707771    17
STARLINK-1245           
1 45215C 20012AP  20071.54978667 -.00685332  00000-0 -49736-2 0   715
2 45215  53.0030 154.4088 0015297 130.3704 194.9692 15.73230303    10
STARLINK-1254           
1 45216C 20012AQ  20071.54970288 -.00486546  00000-0 -33895-2 0   712
2 45216  53.0031 154.3266 0017373 128.4164 236.4527 15.73933859    19
STARLINK-1271           
1 45217C 20012AR  20071.54992473 -.00328580  00000-0 -22992-2 0   712
2 45217  53.0032 154.3515 0017496 128.5935 224.2918 15.73669799    19
STARLINK-1105           
1 45218C 20012AS  20071.54576607 -.00608261  00000-0 -42081-2 0   718
2 45218  53.0034 154.3234 0017218 128.4879 225.4387 15.74220240    16
STARLINK-1187           
1 45219C 20012AT  20071.54356324  .00055210  00000-0  17590-3 0   717
2 45219  53.0006 153.7948 0066636 123.0131 104.8071 15.86584781    17
STARLINK-1188           
1 45220C 20012AU  20071.54513116 -.00243046  00000-0 -17039-2 0   718
2 45220  53.0031 154.4002 0017397 128.5447 185.4150 15.73542696    14
STARLINK-1189           
1 45221C 20012AV  20071.54571661 -.00226561  00000-0 -15887-2 0   710
2 45221  53.0031 154.3886 0017504 128.6054 192.1075 15.73518763    18
STARLINK-1191           
1 45222C 20012AW  20071.54625569 -.00003177  00000-0 -22435-4 0   713
2 45222  53.0025 154.3981 0013478 131.8943 185.3847 15.73220818    19
STARLINK-1212           
1 45223C 20012AX  20071.54634456 -.00618834  00000-0 -42624-2 0   711
2 45223  53.0029 154.3148 0017690 128.6798 231.6384 15.74320418    10
STARLINK-1214           
1 45224C 20012AY  20071.54552287 -.00684310  00000-0 -49684-2 0   718
2 45224  53.0030 154.4256 0014717 131.3039 171.6093 15.73232016    15
STARLINK-1215           
1 45225C 20012AZ  20071.54554984 -.00524639  00000-0 -36448-2 0   716
2 45225  53.0030 154.3518 0017580 128.7925 210.6456 15.74030524    19
STARLINK-1217           
1 45226C 20012BA  20071.54653220 -.00442208  00000-0 -30876-2 0   710
2 45226  53.0031 154.3578 0016466 128.9058 209.5878 15.73859799    15
STARLINK-1221           
1 45227C 20012BB  20071.54562926 -.00132263  00000-0 -92858-3 0   719
2 45227  53.0029 154.4110 0017835 128.6993 181.4502 15.73388035    14
STARLINK-1222           
1 45228C 20012BC  20071.54509008  .00123012  00000-0  86207-3 0   713
2 45228  53.0008 154.3939 0016948 129.2546 174.5747 15.73199177    16
STARLINK-1226           
1 45229C 20012BD  20071.54677669 -.00543580  00000-0 -37745-2 0   713
2 45229  53.0030 154.3400 0016890 129.2108 220.4884 15.74078711    19
STARLINK-1227           
1 45230C 20012BE  20071.54579708 -.00570326  00000-0 -39570-2 0   716
2 45230  53.0030 154.3357 0017410 128.8473 218.6793 15.74111041    13
STARLINK-1229           
1 45231C 20012BF  20071.54580048 -.00369284  00000-0 -25840-2 0   710
2 45231  53.0032 154.3705 0016550 129.0082 202.1194 15.73734639    12
STARLINK-1235           
1 45232C 20012BG  20071.54677759 -.00431988  00000-0 -15892-2 0   714
2 45232  53.0005 153.0144 0019874 124.7090 143.7191 15.87616729    10
STARLINK-1238           
1 45233C 20012BH  20071.54787171  .00008653  00000-0  60950-4 0   719
2 45233  53.0011 154.3957 0016148 129.0228 183.8520 15.73214921    10
STARLINK-1243           
1 45234C 20012BJ  20071.54956589 -.01016407  00000-0 -20570-1 0   711
2 45234  53.0029 157.0811 0001231  66.6753   9.3933 15.46863013    17
STARLINK-1246           
1 45235C 20012BK  20071.54948151 -.01067554  00000-0 -21345-1 0   718
2 45235  53.0022 156.9503 0001299  73.2469 119.0554 15.47267546    17
STARLINK-1247           
1 45236C 20012BL  20071.54957549 -.00604088  00000-0 -41665-2 0   716
2 45236  53.0033 154.3110 0019097 128.0822 243.9646 15.74235662    16
STARLINK-1270           
1 45237C 20012BM  20071.54979872 -.00298321  00000-0 -20899-2 0   715
2 45237  53.0029 154.3555 0017067 128.5903 221.9383 15.73623517    18
